GENEID	3	4	5	6	7	8			7	11	15
hand2	0.025346294	0.052632425	0.045858474	0.058438916	0.0394715	0.052796046			0.077978719	0.10429739	0.092267546
lmo2	0.031130801	0.02053911	0.034984006	0.054924082	0.046672952	0.011429807			0.051669911	0.089908088	0.058102759
tbx20	0.008059205	0.1029859	0.069434938	0.267573066	0.122516884	0.066543991			0.111045105	0.337008004	0.189060875
gata1a	0	0	0.023798987	0.033967145	0	0			0	0.057766132	0
gfi1aa	0	0.013470337	0	0	0	0			0.013470337	0	0
elf1	0.025275636	0.040373616	0.029035322	0.041440714	0.040611034	0.034783033			0.065649252	0.070476036	0.075394067
myb	0.023021886	0.036773626	0.039669499	0.042463771	0.025608375	0.051842518			0.059795512	0.08213327	0.077450893
fli1a	0.016724234	0.013357088	0.016210059	0.077119447	0.041857171	0.023538102			0.030081322	0.093329506	0.065395273
drl	0	0.02634342	0.021313446	0.060839306	0.091724998	0.074276559			0.02634342	0.082152752	0.166001557
isl2a	0.039170412	0.025763378	0.041688314	0.076499638	0.035882142	0.028537577			0.06493379	0.118187952	0.064419719
mecp2	0.139086733	0	0	0.051308978	0.092827803	0.062641318			0.139086733	0.051308978	0.155469121
tal1	0.050581774	0.026063211	0.052716851	0.117374737	0.056264592	0.023883111			0.076644985	0.170091588	0.080147703
setx	0.043536004	0.034770755	0.063296278	0.050188735	0.057507343	0.052082605			0.078306759	0.113485013	0.109589948
sox7	0.106786271	0.034114654	0.059801848	0.111614534	0.03167563	0.06813312			0.140900925	0.171416382	0.09980875
etsrp									0	0	0
pknox2	0.12032306	0.201805837	0.077749205	0.08877415	0.073612688	0.067738264			0.322128897	0.166523355	0.141350952
sox18	0	0.02338076	0.018916473	0.026998569	0.016281867	0			0.02338076	0.045915042	0.016281867
si:ch211-132b12.7	0	0	0	0	0	0.079931475			0	0	0.079931475
pitx3	0.070514035	0.068636599	0.069770005	0.060966956	0.056376036	0.081875642			0.139150634	0.130736961	0.138251678
nfatc3a	0.032494788	0.047912315	0.025842673	0.018442	0.016682561	0.022515186			0.080407103	0.044284673	0.039197747
rarga	0.085555266	0.050108769	0.022113314	0.042081687	0.041239174	0.038532033			0.135664035	0.064195001	0.079771207
irx6a	0	0	0	0	0.115646224	0			0	0	0.115646224
nkx2.5	0.068320576	0.090942278	0.250164843	0.252034027	0.075996333	0.128208099			0.159262854	0.50219887	0.204204432
l3mbtl3	0	0	0	0	0	0			0	0	0
six1b	0.076537429	0.103651645	0.092461637	0.082862392	0.094390292	0.074936123			0.180189074	0.175324029	0.169326415
wt1a	0	0	0	0	0.006586605	0			0	0	0.006586605
tbx1	0.126894085	0.117692217	0.132250334	0.188754518	0.141150524	0.08295974			0.244586302	0.321004852	0.224110264
six4b	0.080309622	0.050197006	0.072199936	0.109487952	0.112636426	0.106149683			0.130506628	0.181687888	0.218786109
six1a	0.110140812	0.146609659	0.071169738	0.09311237	0.076571897	0.072340292			0.256750471	0.164282108	0.148912189
blf	0.05105796	0.02330188	0.056557962	0.026907483	0.024340404	0.032850395			0.07435984	0.083465445	0.057190799
six2b	0.152051615	0.242877113	0.04912563	0	0	0			0.394928728	0.04912563	0
vgll4l	0.045898917	0.033325396	0.032354753	0.050026575	0.05105562	0.049330355			0.079224313	0.082381328	0.100385975
hnf4g	0	0.140657393	0	0	0	0			0.140657393	0	0
pax1b	0.118834755	0.166091377	0.095984383	0.219190203	0.165232169	0.167250983			0.284926132	0.315174586	0.332483152
erg	0	0.068500981	0.055421505	0.07910044	0	0			0.068500981	0.134521945	0
rnh1	0	0	0	0	0.314371631	0			0	0	0.314371631
